0.00	-4.0936E-03
0.02	-3.1579E-02
0.04	-2.9532E-02
0.06	-2.5731E-02
0.08	-2.7778E-02
0.10	-3.5088E-02
0.12	-4.1520E-02
0.14	-3.7427E-02
0.16	-3.2164E-02
0.18	-2.4854E-02
0.20	-2.4854E-02
0.22	-3.8304E-02
0.24	-5.1462E-02
0.26	-5.6725E-02
0.28	-4.7368E-02
0.30	-4.2105E-02
0.32	-3.1579E-02
0.34	-2.3977E-02
0.36	-1.2281E-02
0.38	-1.9298E-02
0.40	-3.8304E-02
0.42	-5.5556E-02
0.44	-5.7310E-02
0.46	-1.9298E-02
0.48	8.7719E-03
0.50	4.1228E-02
0.52	-1.4327E-02
0.54	-3.7427E-02
0.56	-4.2105E-02
0.58	-5.9357E-02
0.60	-7.6023E-02
0.62	-9.5029E-02
0.64	-8.9474E-02
0.66	-5.0292E-02
0.68	-5.7602E-02
0.70	-4.7661E-02
0.72	-4.7953E-02
0.74	-1.9591E-02
0.76	7.3099E-03
0.78	4.3860E-02
0.80	6.9006E-02
0.82	7.3684E-02
0.84	9.8246E-02
0.86	1.3538E-01
0.88	1.4386E-01
0.90	1.2251E-01
0.92	1.0497E-01
0.94	7.9240E-02
0.96	6.8713E-02
0.98	9.9123E-02
1.00	1.2047E-01
1.02	1.5497E-01
1.04	1.8684E-01
1.06	2.1404E-01
1.08	1.9064E-01
1.10	1.7515E-01
1.12	1.1696E-01
1.14	1.1696E-01
1.16	1.8421E-02
1.18	-1.5058E-01
1.20	-2.3012E-01
1.22	-1.7632E-01
1.24	-1.4152E-01
1.26	-7.3099E-02
1.28	-1.7251E-02
1.30	3.9181E-02
1.32	9.0058E-02
1.34	1.4591E-01
1.36	2.0760E-01
1.38	2.9094E-01
1.40	3.5673E-01
1.42	4.4737E-01
1.44	4.2398E-01
1.46	3.3918E-01
1.48	2.7339E-01
1.50	2.6082E-01
1.52	2.7076E-01
1.54	2.4532E-01
1.56	2.6345E-01
1.58	2.9035E-01
1.60	3.5380E-01
1.62	9.5906E-02
1.64	-4.3275E-01
1.66	-6.0526E-01
1.68	-5.8187E-01
1.70	-5.9357E-01
1.72	-5.3216E-01
1.74	-5.0585E-01
1.76	-5.1170E-01
1.78	-5.1170E-01
1.80	-5.2924E-01
1.82	-4.7661E-01
1.84	-3.9474E-01
1.86	-3.1871E-01
1.88	-2.2865E-01
1.90	-1.2544E-01
1.92	-4.9708E-03
1.94	1.0526E-01
1.96	2.2953E-01
1.98	3.3918E-01
2.00	4.6784E-01
2.02	5.7310E-01
2.04	7.0468E-01
2.06	7.9825E-01
2.08	8.8889E-01
2.10	9.3567E-01
2.12	1.0000E+00
2.14	8.2456E-01
2.16	6.7836E-01
2.18	-3.5088E-01
2.20	-6.9298E-01
2.22	-4.7953E-01
2.24	-5.4678E-01
2.26	-3.2164E-01
2.28	-2.2018E-01
2.30	-5.0585E-02
2.32	3.3041E-02
2.34	1.5585E-01
2.36	2.6170E-01
2.38	3.4795E-01
2.40	5.1462E-01
2.42	1.6842E-01
2.44	-7.6901E-01
2.46	-4.5322E-01
2.48	-5.0585E-01
2.50	-2.9532E-01
2.52	-1.6930E-01
2.54	6.9298E-02
2.56	-1.9591E-01
2.58	-5.7895E-01
2.60	-4.7953E-01
2.62	-4.9415E-01
2.64	-4.3275E-01
2.66	-3.5965E-01
2.68	-2.9240E-01
2.70	-2.1959E-01
2.72	-1.5292E-01
2.74	-7.9240E-02
2.76	-1.2865E-02
2.78	5.4971E-02
2.80	-2.7778E-02
2.82	-1.2661E-01
2.84	-2.4503E-01
2.86	-2.7807E-01
2.88	-2.0936E-01
2.90	-1.7515E-01
2.92	-9.7661E-02
2.94	-3.1579E-02
2.96	5.4094E-02
2.98	1.2281E-01
3.00	1.9678E-01
3.02	-2.8363E-02
3.04	-1.0877E-01
3.06	-1.1696E-02
3.08	3.2164E-03
3.10	1.0058E-01
3.12	1.6520E-01
3.14	2.5819E-01
3.16	3.3041E-01
3.18	3.9766E-01
3.20	6.4035E-02
3.22	7.0468E-02
3.24	1.9971E-01
3.26	2.0146E-01
3.28	3.8596E-01
3.30	3.9474E-01
3.32	5.9649E-01
3.34	-2.7222E-01
3.36	-3.8304E-01
3.38	-2.0234E-01
3.40	-1.5965E-01
3.42	2.1053E-02
3.44	1.9737E-01
3.46	-3.1287E-01
3.48	-4.3567E-01
3.50	-3.1287E-01
3.52	-3.3918E-01
3.54	-2.2281E-01
3.56	-1.6345E-01
3.58	-6.2865E-02
3.60	-3.6842E-02
3.62	-1.9708E-01
3.64	-9.4737E-02
3.66	-9.8538E-02
3.68	-3.1871E-02
3.70	4.9708E-03
3.72	8.7427E-02
3.74	1.4269E-01
3.76	1.7778E-01
3.78	6.4912E-02
3.80	-9.3567E-03
3.82	-7.1637E-02
3.84	2.2515E-02
3.86	6.1696E-02
3.88	1.6608E-01
3.90	2.4152E-01
3.92	3.5380E-01
3.94	4.3275E-01
3.96	5.0877E-01
3.98	1.2310E-01
4.00	8.4795E-03
4.02	7.5731E-02
4.04	8.5673E-02
4.06	-1.6082E-02
4.08	-4.2982E-02
4.10	4.1813E-02
4.12	6.0234E-02
4.14	1.4591E-01
4.16	1.8860E-01
4.18	2.7982E-01
4.20	3.3041E-01
4.22	4.2398E-01
4.24	4.7661E-01
4.26	5.7018E-01
4.28	5.4386E-01
4.30	5.7895E-01
4.32	5.1754E-01
4.34	3.6550E-01
4.36	-3.5380E-01
4.38	-1.5848E-01
4.40	-1.1228E-01
4.42	-9.0936E-02
4.44	-3.2749E-01
4.46	-4.8538E-01
4.48	-7.1930E-01
4.50	-5.9357E-01
4.52	-5.3801E-01
4.54	-3.8596E-01
4.56	-2.8070E-01
4.58	-9.5029E-02
4.60	4.5029E-02
4.62	2.3860E-01
4.64	3.8596E-01
4.66	5.3216E-01
4.68	-1.6959E-02
4.70	-4.9415E-02
4.72	8.3333E-02
4.74	1.3070E-01
4.76	2.8743E-01
4.78	4.1520E-01
4.80	5.4094E-01
4.82	7.1930E-01
4.84	4.9415E-01
4.86	-4.0351E-01
4.88	-2.9211E-01
4.90	-3.1871E-01
4.92	-2.6520E-01
4.94	-1.3713E-01
4.96	-3.6550E-01
4.98	-6.1696E-01
5.00	-4.7368E-01
5.02	-4.9415E-01
5.04	-3.8304E-01
5.06	-3.2456E-01
5.08	-2.2602E-01
5.10	-1.4912E-01
5.12	-1.5906E-01
5.14	-3.5088E-01
5.16	-3.5380E-01
5.18	-3.3918E-01
5.20	-3.3626E-01
5.22	-2.0965E-01
5.24	-1.5965E-01
5.26	1.8713E-02
5.28	-2.3509E-01
5.30	-4.7661E-01
5.32	-2.5117E-01
5.34	-2.8099E-01
5.36	-1.1579E-01
5.38	-4.2982E-02
5.40	9.3275E-02
5.42	1.8947E-01
5.44	2.5614E-01
5.46	1.3801E-01
5.48	5.7895E-02
5.50	-7.8947E-03
5.52	8.5380E-02
5.54	1.3012E-01
5.56	2.2953E-01
5.58	3.0117E-01
5.60	3.9474E-01
5.62	4.7076E-01
5.64	5.4386E-01
5.66	3.7427E-01
5.68	1.8713E-01
5.70	5.9649E-02
5.72	9.1813E-02
5.74	1.0906E-01
5.76	1.4503E-01
5.78	6.8713E-02
5.80	-2.4561E-02
5.82	-4.9123E-02
5.84	-3.3041E-02
5.86	-6.6959E-02
5.88	-7.2515E-02
5.90	-4.5906E-02
5.92	-2.0175E-02
5.94	4.2982E-02
5.96	1.1082E-01
5.98	1.6930E-01
6.00	7.4561E-02
6.02	-1.1988E-02
6.04	-1.2515E-01
6.06	-3.8889E-02
6.08	2.7778E-02
6.10	6.7251E-02
6.12	-3.7719E-02
6.14	-1.4620E-02
6.16	2.3392E-02
6.18	6.1404E-02
6.20	1.1111E-01
6.22	1.4912E-01
6.24	4.5906E-02
6.26	-9.3567E-03
6.28	-3.2456E-02
6.30	1.4620E-03
6.32	2.2222E-02
6.34	1.0234E-02
6.36	-2.7778E-02
6.38	-1.0526E-02
6.40	-4.6784E-03
6.42	1.1111E-02
6.44	2.4854E-02
6.46	-1.6374E-02
6.48	-8.8889E-02
6.50	-1.2310E-01
6.52	-7.1345E-02
6.54	-6.9006E-02
6.56	-5.1754E-02
6.58	-3.7719E-02
6.60	-5.2632E-03
6.62	5.9357E-02
6.64	-3.1579E-02
6.66	-2.6608E-02
6.68	-9.9415E-03
6.70	-3.0994E-02
6.72	-3.2456E-02
6.74	-2.8947E-02
6.76	-5.8480E-04
6.78	2.1345E-02
6.80	6.8713E-02
6.82	1.0380E-01
6.84	2.0614E-01
6.86	2.2778E-01
6.88	5.3801E-02
6.90	-7.6901E-02
6.92	-3.6257E-02
6.94	-1.2281E-02
6.96	4.6491E-02
6.98	1.4035E-02
7.00	-6.4035E-02
7.02	-1.3655E-01
7.04	-1.2515E-01
7.06	-6.3158E-02
7.08	-1.2573E-02
7.10	4.6491E-02
7.12	9.3567E-02
7.14	1.2251E-01
7.16	3.5965E-02
7.18	-4.6784E-02
7.20	-5.9649E-02
7.22	-2.3977E-02
7.24	-6.0234E-02
7.26	-4.0058E-02
7.28	-1.6082E-02
7.30	1.5497E-02
7.32	3.9181E-02
7.34	7.7778E-02
7.36	6.7836E-02
7.38	2.3099E-02
7.40	-2.3392E-03
7.42	5.8480E-02
7.44	1.2719E-01
7.46	1.4386E-01
7.48	5.5848E-02
7.50	2.6901E-02
7.52	-6.4327E-03
7.54	-6.1404E-03
7.56	1.5205E-02
7.58	2.7193E-02
7.60	7.4561E-02
7.62	1.0760E-01
7.64	1.5351E-01
7.66	1.5819E-01
7.68	1.2427E-01
7.70	1.1637E-01
7.72	1.6345E-01
7.74	2.2105E-01
7.76	1.0673E-01
7.78	1.2018E-01
7.80	2.8655E-02
7.82	-5.9649E-02
7.84	-7.2807E-02
7.86	-1.1842E-01
7.88	-1.2076E-01
7.90	-1.3772E-01
7.92	-1.2661E-01
7.94	-1.3392E-01
7.96	-1.6667E-02
7.98	5.2047E-02
8.00	-6.0819E-02
8.02	-1.4386E-01
8.04	-1.5497E-01
8.06	-1.0585E-01
8.08	-1.1842E-01
8.10	-9.0058E-02
8.12	-9.2398E-02
8.14	-7.7485E-02
8.16	-7.7485E-02
8.18	-7.8655E-02
8.20	-1.0088E-01
8.22	-9.0351E-02
8.24	-6.3450E-02
8.26	-2.2807E-02
8.28	2.5439E-02
8.30	8.2164E-02
8.32	9.0643E-02
8.34	1.0468E-01
8.36	9.9708E-02
8.38	1.0468E-01
8.40	8.3918E-02
8.42	8.9181E-02
8.44	3.2749E-02
8.46	6.2573E-02
8.48	3.9766E-02
8.50	1.1228E-01
8.52	-2.5175E-01
8.54	-3.9474E-01
8.56	-3.9181E-01
8.58	-3.9474E-01
8.60	-3.4795E-01
8.62	-3.0409E-01
8.64	-2.4240E-01
8.66	-1.9035E-01
8.68	-1.2982E-01
8.70	-7.5439E-02
8.72	-1.7544E-02
8.74	-2.6608E-02
8.76	-5.3216E-02
8.78	-4.2982E-02
8.80	2.4854E-02
8.82	4.7661E-02
8.84	1.4620E-02
8.86	7.7193E-02
8.88	1.7018E-01
8.90	2.5351E-01
8.92	3.5088E-01
8.94	4.9708E-01
8.96	3.2456E-01
8.98	-3.2164E-01
9.00	-1.0702E-01
9.02	-1.3012E-01
9.04	-6.9006E-02
9.06	-2.8070E-01
9.08	-1.9181E-01
9.10	-1.7456E-01
9.12	-1.9591E-01
9.14	-1.6140E-01
9.16	-7.8947E-03
9.18	1.1053E-01
9.20	3.1287E-01
9.22	4.8830E-01
9.24	2.7690E-01
9.26	1.1930E-01
9.28	1.9503E-01
9.30	3.8596E-02
9.32	-2.7778E-02
9.34	-1.5205E-01
9.36	-2.4181E-01
9.38	-3.3626E-01
9.40	-3.3626E-01
9.42	-2.3480E-01
9.44	-1.0789E-01
9.46	8.4795E-03
9.48	1.5936E-01
9.50	3.4503E-01
9.52	4.7076E-01
9.54	-7.8947E-02
9.56	9.9415E-03
9.58	-1.6374E-02
9.60	5.8480E-03
9.62	4.2690E-02
9.64	1.5702E-01
9.66	2.3333E-01
9.68	-5.9942E-02
9.70	-1.7251E-01
9.72	-4.9415E-02
9.74	-5.1170E-02
9.76	-8.1871E-03
9.78	2.1637E-02
9.80	1.1170E-01
9.82	1.6579E-01
9.84	2.2018E-01
9.86	2.3421E-01
9.88	1.7310E-01
9.90	8.8889E-02
9.92	6.7251E-03
9.94	1.8713E-02
9.96	-1.1871E-01
9.98	-1.3187E-01
10.00	-2.3099E-02
10.02	4.9123E-02
10.04	1.6579E-01
10.06	2.7193E-02
10.08	-1.6082E-02
10.10	1.2865E-02
10.12	-3.5965E-02
10.14	-8.2456E-02
10.16	-1.2778E-01
10.18	-1.0292E-01
10.20	-7.4561E-02
10.22	-3.2456E-02
10.24	5.9942E-02
10.26	1.5175E-01
10.28	2.4971E-01
10.30	3.3333E-01
10.32	2.1433E-01
10.34	6.9298E-02
10.36	-1.0760E-01
10.38	-7.9240E-02
10.40	-6.3450E-02
10.42	-2.5526E-01
10.44	-2.8450E-01
10.46	-1.7222E-01
10.48	-9.8246E-02
10.50	2.2515E-02
10.52	7.5731E-02
10.54	1.4854E-01
10.56	1.0556E-01
10.58	2.3684E-02
10.60	-1.6374E-02
10.62	-6.1111E-02
10.64	-9.2690E-02
10.66	-6.9591E-02
10.68	-1.0994E-01
10.70	-1.6082E-01
10.72	-2.1111E-01
10.74	-2.3480E-01
10.76	-1.5292E-01
10.78	-9.9415E-02
10.80	-3.2164E-03
10.82	1.9006E-02
10.84	-1.0819E-02
10.86	-1.4620E-03
10.88	-4.9123E-02
10.90	-1.1988E-01
10.92	-2.3392E-02
10.94	2.3099E-02
10.96	1.0936E-01
10.98	1.7982E-01
11.00	1.9444E-01
11.02	7.4269E-02
11.04	-1.6667E-02
11.06	-1.3860E-01
11.08	-1.0409E-01
11.10	-7.1053E-02
11.12	-1.4035E-02
11.14	3.6842E-02
11.16	1.1082E-01
11.18	7.0468E-02
11.20	-6.6374E-02
11.22	-1.2515E-01
11.24	-1.9854E-01
11.26	-1.9327E-01
11.28	-1.7251E-01
11.30	-1.5000E-01
11.32	-1.1930E-01
11.34	-9.0351E-02
11.36	-7.7778E-02
11.38	-1.5819E-01
11.40	-1.8363E-01
11.42	-2.6550E-01
11.44	-3.2456E-01
11.46	-2.5760E-01
11.48	-2.2515E-01
11.50	-1.7018E-01
11.52	-1.3830E-01
11.54	-9.7368E-02
11.56	-5.8187E-02
11.58	5.8480E-03
11.60	6.1696E-02
11.62	1.2632E-01
11.64	1.7924E-01
11.66	2.2427E-01
11.68	2.7281E-01
11.70	3.1287E-01
11.72	3.3041E-01
11.74	3.4795E-01
11.76	3.6550E-01
11.78	3.8889E-01
11.80	4.6491E-01
11.82	5.2632E-01
11.84	5.9649E-01
11.86	3.6257E-01
11.88	1.2924E-01
11.90	-4.0936E-02
11.92	-1.9474E-01
11.94	-1.6228E-01
11.96	-2.0263E-01
11.98	-2.8772E-01
12.00	-3.6550E-01
12.02	-3.4503E-01
12.04	-3.0702E-01
12.06	-2.6901E-01
12.08	-2.1725E-01
12.10	-2.3655E-01
12.12	-2.4854E-01
12.14	-2.5146E-01
12.16	-2.5234E-01
12.18	-2.5526E-01
12.20	-2.5380E-01
12.22	-2.5877E-01
12.24	-1.5702E-01
12.26	1.5205E-02
12.28	6.2865E-02
12.30	7.1637E-02
12.32	1.6959E-01
12.34	9.1813E-02
12.36	6.9006E-02
12.38	1.4181E-01
12.40	1.7222E-01
12.42	1.5351E-01
12.44	1.0380E-01
12.46	5.7602E-02
12.48	5.8187E-02
12.50	1.4386E-01
12.52	1.0029E-01
12.54	8.4211E-02
12.56	1.2632E-01
12.58	6.9883E-02
12.60	2.5731E-02
12.62	2.2515E-02
12.64	-4.3275E-02
12.66	-2.2515E-02
12.68	-5.5556E-03
12.70	2.1930E-02
12.72	1.2865E-02
12.74	-4.2398E-02
12.76	-9.2398E-02
12.78	-7.0468E-02
12.80	-8.1871E-03
12.82	5.3216E-02
12.84	1.2456E-01
12.86	1.2836E-01
12.88	1.4971E-01
12.90	1.3626E-01
12.92	1.4006E-01
12.94	5.6433E-02
12.96	6.4912E-02
12.98	8.0117E-02
13.00	1.1491E-01
13.02	1.4737E-01
13.04	1.6871E-01
13.06	1.7193E-01
13.08	2.4035E-01
13.10	2.3304E-01
13.12	2.7749E-01
13.14	1.0088E-01
13.16	1.3158E-02
13.18	-3.5965E-02
13.20	-1.0146E-01
13.22	-1.2456E-01
13.24	-1.2164E-01
13.26	-8.0409E-02
13.28	-7.8947E-02
13.30	2.1637E-02
13.32	1.2515E-01
13.34	-6.7544E-02
13.36	-1.1316E-01
13.38	-2.4269E-02
13.40	4.0643E-02
13.42	1.3012E-01
13.44	7.8947E-03
13.46	-2.0380E-01
13.48	-2.3275E-01
13.50	-7.3392E-02
13.52	-3.9474E-02
13.54	2.3099E-02
13.56	-3.3626E-02
13.58	-7.3392E-02
13.60	-9.7368E-02
13.62	-7.8655E-02
13.64	-8.8012E-02
13.66	-5.8480E-02
13.68	-1.9591E-02
13.70	-1.1111E-02
13.72	3.0702E-02
13.74	8.6550E-02
13.76	1.0058E-01
13.78	2.7982E-01
13.80	2.6257E-01
13.82	5.2339E-02
13.84	-1.0585E-01
13.86	-2.9064E-01
13.88	-2.3596E-01
13.90	-2.1754E-01
13.92	-1.5760E-01
13.94	-9.6491E-02
13.96	-3.7427E-02
13.98	9.0643E-03
14.00	4.3275E-02
14.02	1.4854E-01
14.04	-6.4327E-03
14.06	-1.4298E-01
14.08	-1.0468E-01
14.10	-2.0205E-01
14.12	-1.5088E-01
14.14	-1.0848E-01
14.16	2.5731E-02
14.18	1.8480E-01
14.20	2.4591E-01
14.22	3.7427E-01
14.24	4.0643E-01
14.26	3.4795E-01
14.28	2.1959E-01
14.30	6.5789E-02
14.32	-2.5731E-02
14.34	-6.6374E-02
14.36	2.1637E-02
14.38	5.2924E-02
14.40	1.5906E-01
14.42	1.1667E-01
14.44	1.3158E-02
14.46	-2.3977E-02
14.48	-5.4094E-02
14.50	-5.8480E-03
14.52	1.7544E-03
14.54	-3.4211E-02
14.56	-6.1404E-02
14.58	-8.8596E-02
14.60	-1.4971E-01
14.62	-2.1257E-01
14.64	-1.6930E-01
14.66	-7.7778E-02
14.68	-5.2047E-02
14.70	1.1696E-02
14.72	2.8655E-02
14.74	4.0058E-02
14.76	6.4620E-02
14.78	1.2778E-01
14.80	2.6608E-02
14.82	-1.6023E-01
14.84	-1.6228E-01
14.86	-7.1053E-02
14.88	-2.3684E-02
14.90	7.3099E-02
14.92	1.1988E-01
14.94	5.3216E-02
14.96	-7.8947E-03
14.98	-7.1053E-02
15.00	-4.3860E-03
15.02	7.2222E-02
15.04	1.4094E-01
15.06	2.2895E-01
15.08	1.8187E-01
15.10	9.6784E-02
15.12	-4.0936E-03
15.14	-5.7018E-02
15.16	-7.2222E-02
15.18	-6.1988E-02
15.20	-3.2164E-02
15.22	1.4620E-02
15.24	7.0468E-02
15.26	-9.9415E-03
15.28	-6.3158E-02
15.30	-1.3772E-01
15.32	-1.0614E-01
15.34	-5.7018E-02
15.36	-5.2632E-03
15.38	4.9708E-02
15.40	-2.3392E-02
15.42	1.4620E-03
15.44	6.7251E-02
15.46	1.0936E-01
15.48	1.7573E-01
15.50	1.5088E-01
15.52	1.2632E-01
15.54	1.0058E-01
15.56	1.4766E-01
15.58	1.9094E-01
15.60	1.9971E-01
15.62	5.0292E-02
15.64	-4.9708E-02
15.66	-1.5409E-01
15.68	-1.9415E-01
15.70	-1.1316E-01
15.72	-6.4912E-02
15.74	-9.6491E-03
15.76	3.4795E-02
15.78	-3.7427E-02
15.80	-1.0263E-01
15.82	-1.5029E-01
15.84	-9.7953E-02
15.86	-6.3743E-02
15.88	-3.5088E-03
15.90	4.1520E-02
15.92	2.0468E-02
15.94	-1.8421E-02
15.96	-3.5088E-02
15.98	-9.4152E-02
16.00	-1.0117E-01
16.02	-2.6608E-02
16.04	2.1345E-02
16.06	9.0351E-02
16.08	1.3801E-01
16.10	1.7632E-01
16.12	1.6842E-01
16.14	9.6491E-02
16.16	-2.1345E-02
16.18	-2.2719E-01
16.20	-1.7778E-01
16.22	-1.2807E-01
16.24	-6.1111E-02
16.26	9.0643E-03
16.28	1.0234E-01
16.30	8.5673E-02
16.32	3.5380E-02
16.34	9.8830E-02
16.36	9.2690E-02
16.38	7.4269E-02
16.40	6.0234E-02
16.42	5.7895E-02
16.44	5.0877E-02
16.46	6.1404E-03
16.48	-4.2105E-02
16.50	-1.0029E-01
16.52	-9.9123E-02
16.54	-4.2398E-02
16.56	-8.1871E-03
16.58	4.9708E-02
16.60	-2.8070E-02
16.62	-7.4561E-02
16.64	-8.1579E-02
16.66	-1.1345E-01
16.68	-7.0760E-02
16.70	-6.2865E-02
16.72	-5.3216E-02
16.74	-5.0877E-02
16.76	-1.1111E-02
16.78	-7.8947E-03
16.80	-5.4094E-02
16.82	-3.5965E-02
16.84	2.5439E-02
16.86	1.0029E-01
16.88	2.0322E-01
16.90	2.6608E-01
16.92	2.4942E-01
16.94	2.2222E-01
16.96	1.5000E-01
16.98	5.4386E-02
17.00	4.3860E-03
17.02	-5.5556E-02
17.04	-4.4152E-02
17.06	-2.1345E-02
17.08	6.1404E-03
17.10	3.7719E-02
17.12	6.2865E-02
17.14	7.0175E-03
17.16	-3.6257E-02
17.18	-9.6199E-02
17.20	-1.5175E-01
17.22	-2.0702E-01
17.24	-1.6930E-01
17.26	-1.3509E-01
17.28	-8.9766E-02
17.30	-4.2398E-02
17.32	-2.6316E-03
17.34	-5.2632E-02
17.36	-9.2982E-02
17.38	-1.3596E-01
17.40	-1.1433E-01
17.42	-1.0088E-01
17.44	-9.2398E-02
17.46	-1.2719E-01
17.48	-1.4357E-01
17.50	-1.3889E-01
17.52	-1.2281E-01
17.54	-1.0556E-01
17.56	-8.0994E-02
17.58	-7.5439E-02
17.60	-4.0643E-02
17.62	-1.9883E-02
17.64	1.4825E-01
17.66	2.1111E-01
17.68	2.5673E-01
17.70	2.2865E-01
17.72	2.2368E-01
17.74	1.2836E-01
17.76	2.3392E-02
17.78	3.8012E-03
17.80	-3.6842E-02
17.82	-4.3860E-03
17.84	8.7719E-03
17.86	3.0409E-02
17.88	3.0409E-02
17.90	5.6433E-02
17.92	5.9942E-02
17.94	2.1637E-02
17.96	-1.6374E-02
17.98	-2.1053E-02
18.00	2.0468E-02
18.02	3.0994E-02
18.04	4.2982E-02
18.06	-2.6316E-03
18.08	-4.6491E-02
18.10	-5.4678E-02
18.12	-2.0468E-03
18.14	4.5322E-02
18.16	3.0702E-02
18.18	-3.3626E-02
18.20	-8.8304E-02
18.22	-9.0351E-02
18.24	-2.7778E-02
18.26	-1.6959E-02
18.28	1.1696E-03
18.30	5.8480E-03
18.32	1.4620E-02
18.34	1.6667E-02
18.36	2.8363E-02
18.38	3.9181E-02
18.40	5.1754E-02
18.42	6.3743E-02
18.44	7.6316E-02
18.46	8.8304E-02
18.48	1.0117E-01
18.50	1.1287E-01
18.52	1.3860E-01
18.54	1.1491E-01
18.56	6.9591E-02
18.58	3.3626E-02
18.60	-2.3099E-02
18.62	-3.6257E-02
18.64	1.5789E-02
18.66	7.8947E-03
18.68	-7.3099E-02
18.70	-1.6550E-01
18.72	-1.8421E-01
18.74	-1.7281E-01
18.76	-1.2076E-01
18.78	-1.9883E-02
18.80	7.9532E-02
18.82	8.0994E-02
18.84	-6.1404E-03
18.86	-1.7544E-02
18.88	-3.2164E-02
18.90	-6.4620E-02
18.92	-1.2164E-01
18.94	-1.5175E-01
18.96	-6.4912E-02
18.98	8.7719E-03
19.00	2.3099E-02
19.02	4.0643E-02
19.04	5.0000E-02
19.06	7.3977E-02
19.08	9.4444E-02
19.10	1.1433E-01
19.12	4.7953E-02
19.14	-3.9766E-02
19.16	-9.4444E-02
19.18	-8.5088E-02
19.20	-8.3918E-02
19.22	-8.8889E-02
19.24	-9.9123E-02
19.26	-7.1637E-02
19.28	-2.2222E-02
19.30	3.6550E-02
19.32	1.0994E-01
19.34	1.1754E-01
19.36	7.1637E-02
19.38	4.5614E-02
19.40	-1.1696E-02
19.42	-4.4737E-02
19.44	-8.4503E-02
19.46	-9.2398E-02
19.48	-3.2456E-02
19.50	2.7485E-02
19.52	9.7953E-02
19.54	1.6842E-01
19.56	1.2398E-01
19.58	4.1813E-02
19.60	-2.0468E-03
19.62	-3.9474E-02
19.64	-7.8947E-02
19.66	-9.9708E-02
19.68	-1.0439E-01
19.70	-1.1579E-01
19.72	-1.1754E-01
19.74	-1.4269E-01
19.76	-1.4035E-01
19.78	-1.1871E-01
19.80	-1.1901E-01
19.82	-1.0263E-01
19.84	-5.4678E-02
19.86	-1.6667E-02
19.88	1.2865E-02
19.90	-5.5556E-03
19.92	-2.1053E-02
19.94	-4.9415E-02
19.96	-3.3626E-02
19.98	3.6842E-02
20.00	1.0468E-01
20.02	1.9123E-01
20.04	2.0936E-01
20.06	2.2281E-01
20.08	2.1608E-01
20.10	1.8363E-01
20.12	1.4152E-01
20.14	7.7193E-02
20.16	-1.2865E-02
20.18	-8.4211E-02
20.20	-1.1228E-01
20.22	-1.4386E-01
20.24	-1.2515E-01
20.26	-1.2164E-01
20.28	-8.0702E-02
20.30	-1.5205E-02
20.32	6.9298E-02
20.34	1.2456E-01
20.36	1.7661E-01
20.38	1.3216E-01
20.40	8.3041E-02
20.42	3.6842E-02
20.44	-1.5789E-02
20.46	-8.0409E-02
20.48	-1.2368E-01
20.50	-5.1170E-02
20.52	2.9240E-04
20.54	7.4269E-02
20.56	1.4064E-01
20.58	1.8743E-01
20.60	1.6199E-01
20.62	1.2076E-01
20.64	5.3801E-02
20.66	-1.4035E-02
20.68	-8.8596E-02
20.70	-1.5526E-01
20.72	-2.0702E-01
20.74	-2.7135E-01
20.76	-2.5234E-01
20.78	-1.8450E-01
20.80	-1.0994E-01
20.82	2.5439E-02
20.84	9.0351E-02
20.86	1.7222E-01
20.88	1.7953E-01
20.90	1.1257E-01
20.92	1.0263E-01
20.94	9.0936E-02
20.96	7.1930E-02
20.98	5.5556E-03
21.00	-5.7895E-02
21.02	-4.6199E-02
21.04	-4.3860E-03
21.06	2.8947E-02
21.08	8.3626E-02
21.10	1.1930E-01
21.12	1.6462E-01
21.14	1.5526E-01
21.16	9.1813E-02
21.18	4.8246E-02
21.20	-7.0175E-03
21.22	-5.5263E-02
21.24	-8.0702E-02
21.26	-1.0848E-01
21.28	-1.3158E-01
21.30	-1.5614E-01
21.32	-1.4123E-01
21.34	-1.1082E-01
21.36	-8.6550E-02
21.38	-5.7310E-02
21.40	-5.3801E-02
21.42	-4.6491E-02
21.44	-3.4795E-02
21.46	-1.5497E-02
21.48	5.8480E-04
21.50	1.7251E-02
21.52	-6.7251E-03
21.54	-3.2749E-02
21.56	-5.9942E-02
21.58	-9.4152E-02
21.60	-1.1345E-01
21.62	-9.9708E-02
21.64	-8.3918E-02
21.66	-9.5906E-02
21.68	-1.1901E-01
21.70	-1.4240E-01
21.72	-1.6462E-01
21.74	-1.8830E-01
21.76	-1.6228E-01
21.78	-1.3041E-01
21.80	-2.3392E-03
21.82	7.3977E-02
21.84	1.2018E-01
21.86	1.8830E-01
21.88	1.6930E-01
21.90	1.3860E-01
21.92	1.1228E-01
21.94	1.1257E-01
21.96	9.9415E-02
21.98	1.0439E-01
22.00	2.3392E-03
22.02	-7.4269E-02
22.04	-1.3450E-01
22.06	-1.3772E-01
22.08	-6.4912E-02
22.10	-1.9006E-02
22.12	4.7953E-02
22.14	1.0380E-01
22.16	1.4737E-01
22.18	1.0848E-01
22.20	8.1871E-02
22.22	4.6199E-02
22.24	1.1988E-02
22.26	-7.8947E-03
22.28	6.1404E-03
22.30	1.2865E-02
22.32	2.8947E-02
22.34	3.9474E-02
22.36	2.7485E-02
22.38	1.6959E-02
22.40	6.4327E-03
22.42	-9.0643E-03
22.44	-9.0643E-03
22.46	1.1696E-03
22.48	-7.3099E-03
22.50	-3.6257E-02
22.52	-6.8713E-02
22.54	-1.1871E-01
22.56	-1.5497E-01
22.58	-2.0497E-01
22.60	-9.4444E-02
22.62	-1.5205E-02
22.64	2.7485E-02
22.66	9.5906E-02
22.68	1.3977E-01
22.70	1.4883E-01
22.72	1.0468E-01
22.74	1.0000E-01
22.76	8.9474E-02
22.78	8.3333E-02
22.80	7.6901E-02
22.82	4.9123E-02
22.84	-1.4620E-03
22.86	-6.1988E-02
22.88	-1.0673E-01
22.90	-9.0643E-02
22.92	-8.6842E-02
22.94	-8.1871E-02
22.96	-6.9298E-02
22.98	-7.7778E-02
23.00	-9.0058E-02
23.02	-1.0702E-01
23.04	-1.0439E-01
23.06	-9.0058E-02
23.08	-5.6433E-02
23.10	5.5556E-03
23.12	5.7310E-02
23.14	4.6784E-02
23.16	3.7719E-02
23.18	4.0936E-02
23.20	3.2164E-02
23.22	3.1579E-02
23.24	2.6901E-02
23.26	2.6023E-02
23.28	5.5556E-03
23.30	-3.8304E-02
23.32	-7.2222E-02
23.34	-1.2749E-01
23.36	-1.2632E-01
23.38	-8.7719E-02
23.40	-5.6140E-02
23.42	-1.4035E-02
23.44	2.8363E-02
23.46	4.9123E-02
23.48	4.3275E-02
23.50	5.0585E-02
23.52	2.2807E-02
23.54	-1.6959E-02
23.56	-6.2865E-02
23.58	-6.8421E-02
23.60	1.7544E-02
23.62	7.6608E-02
23.64	7.8655E-02
23.66	2.4561E-02
23.68	-1.1988E-02
23.70	-6.6374E-02
23.72	-2.2222E-02
23.74	9.0643E-03
23.76	5.3216E-02
23.78	9.0643E-02
23.80	1.4006E-01
23.82	1.3421E-01
23.84	4.8538E-02
23.86	-1.6959E-02
23.88	-1.1579E-01
23.90	-1.2982E-01
23.92	-7.0468E-02
23.94	-2.9532E-02
23.96	6.3450E-02
23.98	7.6316E-02
24.00	3.5380E-02
24.02	2.3392E-03
24.04	-4.9123E-02
24.06	-1.1170E-01
24.08	-1.6550E-01
24.10	-2.2836E-01
24.12	-1.8099E-01
24.14	-7.4854E-02
24.16	1.2865E-02
24.18	1.3333E-01
24.20	2.2895E-01
24.22	3.2164E-01
24.24	2.7865E-01
24.26	1.4298E-01
24.28	3.5673E-02
24.30	-1.1316E-01
24.32	-2.4737E-01
24.34	-3.5965E-01
24.36	-2.5263E-01
24.38	-1.8012E-01
24.40	-6.6667E-02
24.42	4.3860E-02
24.44	1.3947E-01
24.46	9.4444E-02
24.48	7.2515E-02
24.50	2.7778E-02
24.52	6.6374E-02
24.54	9.8830E-02
24.56	1.4766E-01
24.58	1.7368E-01
24.60	1.5175E-01
24.62	1.6140E-01
24.64	1.7398E-01
24.66	1.8041E-01
24.68	1.7339E-01
24.70	1.3626E-01
24.72	4.6199E-02
24.74	-2.2515E-02
24.76	-6.7251E-02
24.78	-8.8596E-02
24.80	-9.6199E-02
24.82	-1.0643E-01
24.84	-1.4327E-01
24.86	-1.9298E-01
24.88	-2.1140E-01
24.90	-2.2924E-01
24.92	-2.4737E-01
24.94	-1.6550E-01
24.96	-6.1111E-02
24.98	3.7427E-02
25.00	1.1140E-01
25.02	1.4269E-01
25.04	1.0614E-01
25.06	7.3099E-02
25.08	4.6199E-02
25.10	1.1023E-01
25.12	1.7368E-01
25.14	1.8421E-01
25.16	1.0819E-01
25.18	6.3450E-02
25.20	1.1696E-02
25.22	6.7251E-03
25.24	-1.8129E-02
25.26	-8.3626E-02
25.28	-1.1111E-01
25.30	-1.3363E-01
25.32	-1.4766E-01
25.34	-2.2719E-01
25.36	-1.8363E-01
25.38	-5.5263E-02
25.40	5.5263E-02
25.42	1.4883E-01
25.44	2.1754E-01
25.46	2.1901E-01
25.48	1.6433E-01
25.50	1.3304E-01
25.52	1.5351E-01
25.54	1.8567E-01
25.56	2.1374E-01
25.58	2.4883E-01
25.60	2.7105E-01
25.62	2.8509E-01
25.64	2.7164E-01
25.66	2.3801E-01
25.68	7.7193E-02
25.70	-8.4503E-02
25.72	-2.6345E-01
25.74	-3.9766E-01
25.76	-2.5117E-01
25.78	-1.3684E-01
25.80	2.3684E-02
25.82	1.7368E-01
25.84	2.4064E-01
25.86	1.6257E-01
25.88	8.8012E-02
25.90	-3.2164E-03
25.92	-1.1111E-01
25.94	-1.0146E-01
25.96	-5.8480E-03
25.98	5.2632E-02
26.00	1.8509E-01
26.02	2.9532E-01
26.04	3.2749E-01
26.06	3.2456E-01
26.08	2.7485E-01
26.10	2.3538E-01
26.12	1.7778E-01
26.14	1.4854E-01
26.16	6.0234E-02
26.18	-5.8772E-02
26.20	-1.6725E-01
26.22	-2.9825E-01
26.24	-3.8889E-01
26.26	-3.5965E-01
26.28	-3.5380E-01
26.30	-2.9532E-01
26.32	-2.2281E-01
26.34	-1.6023E-01
26.36	-1.4298E-01
26.38	-1.1842E-01
26.40	-8.5088E-02
26.42	-5.1462E-02
26.44	-4.1228E-02
26.46	-2.8655E-02
26.48	-1.4620E-02
26.50	5.5556E-03
26.52	2.3392E-02
26.54	1.0234E-02
26.56	-8.4795E-03
26.58	-1.7836E-02
26.60	-9.9415E-03
26.62	-3.8012E-03
26.64	2.2222E-02
26.66	5.9942E-02
26.68	9.5614E-02
26.70	1.3158E-01
26.72	1.6871E-01
26.74	1.6433E-01
26.76	1.3567E-01
26.78	8.7719E-02
26.80	3.1287E-02
26.82	-1.1696E-03
26.84	-9.6491E-03
26.86	-2.0175E-02
26.88	-2.9532E-02
26.90	-5.8772E-02
26.92	-5.4971E-02
26.94	7.3099E-03
26.96	3.9181E-02
26.98	7.1053E-02
27.00	7.7778E-02
27.02	7.7485E-02
27.04	4.5322E-02
27.06	-5.5556E-03
27.08	-2.7778E-02
27.10	-6.3158E-02
27.12	-4.8830E-02
27.14	-3.5088E-02
27.16	-1.8713E-02
27.18	-3.7719E-02
27.20	-4.7661E-02
27.22	-5.6433E-02
27.24	-7.0760E-02
27.26	-6.9006E-02
27.28	-5.1170E-02
27.30	-3.6257E-02
27.32	-5.4094E-02
27.34	-7.7485E-02
27.36	-9.4444E-02
27.38	-9.8246E-02
27.40	-1.3275E-01
27.42	-1.2573E-01
27.44	-9.7661E-02
27.46	-6.2281E-02
27.48	-2.0175E-02
27.50	8.7719E-03
27.52	8.7719E-04
27.54	-2.7193E-02
27.56	-2.6023E-02
27.58	-4.3860E-02
27.60	-4.7953E-02
27.62	-6.9591E-02
27.64	-9.4444E-02
27.66	-1.2310E-01
27.68	-1.3363E-01
27.70	-1.1608E-01
27.72	-1.0205E-01
27.74	-7.5439E-02
27.76	-5.0292E-02
27.78	-5.8480E-03
27.80	4.5614E-02
27.82	8.3041E-02
27.84	1.0585E-01
27.86	1.0351E-01
27.88	7.8655E-02
27.90	2.9532E-02
27.92	-1.3158E-02
27.94	-3.6550E-02
27.96	-7.1637E-02
27.98	-6.6959E-02
28.00	-3.6842E-02
28.02	-1.9883E-02
28.04	5.2632E-03
28.06	2.7193E-02
28.08	5.8480E-02
28.10	8.3626E-02
28.12	1.0673E-01
28.14	9.0936E-02
28.16	5.2924E-02
28.18	7.0175E-03
28.20	-4.5614E-02
28.22	-9.3275E-02
28.24	-6.4035E-02
28.26	-3.4503E-02
28.28	4.3860E-03
28.30	4.4737E-02
28.32	8.7134E-02
28.34	7.1053E-02
28.36	3.9766E-02
28.38	2.9825E-02
28.40	7.0175E-03
28.42	-2.9240E-03
28.44	-6.7251E-03
28.46	-1.0526E-02
28.48	-1.4035E-02
28.50	-2.6023E-02
28.52	-4.5322E-02
28.54	-4.3275E-02
28.56	-2.2222E-02
28.58	0.0000E+00
28.60	-5.8480E-03
28.62	-4.3275E-02
28.64	-6.5789E-02
28.66	-1.0936E-01
28.68	-1.0673E-01
28.70	-7.3392E-02
28.72	-4.7953E-02
28.74	-4.0936E-03
28.76	4.4737E-02
28.78	8.8304E-02
28.80	1.1491E-01
28.82	1.1871E-01
28.84	1.1257E-01
28.86	9.6199E-02
28.88	5.3509E-02
28.90	3.6550E-02
28.92	2.0468E-02
28.94	-2.9240E-04
28.96	-1.9883E-02
28.98	-3.8012E-02
29.00	-3.7427E-02
29.02	-3.3626E-02
29.04	-2.9825E-02
29.06	-2.4561E-02
29.08	-4.1228E-02
29.10	-5.9942E-02
29.12	-7.8655E-02
29.14	-1.0234E-01
29.16	-1.0497E-01
29.18	-8.6842E-02
29.20	-6.6374E-02
29.22	5.2632E-03
29.24	2.8947E-02
29.26	5.9357E-02
29.28	7.4854E-02
29.30	5.8187E-02
29.32	4.6784E-02
29.34	3.1287E-02
29.36	4.5614E-02
29.38	5.7895E-02
29.40	7.0760E-02
29.42	4.1228E-02
29.44	1.6082E-02
29.46	-1.9298E-02
29.48	-2.8363E-02
29.50	-7.6023E-03
29.52	4.6784E-03
29.54	2.9240E-02
29.56	2.7485E-02
29.58	1.1404E-02
29.60	0.0000E+00
29.62	-1.9298E-02
29.64	-2.8947E-02
29.66	-3.1871E-02
29.68	-3.3626E-02
29.70	-3.8304E-02
29.72	-4.9123E-02
29.74	-5.8187E-02
29.76	-3.0409E-02
29.78	-2.9240E-03
29.80	1.6082E-02
29.82	3.7719E-02
29.84	5.8480E-02
29.86	5.8187E-02
29.88	4.9415E-02
29.90	4.1813E-02
29.92	3.1871E-02
29.94	3.7427E-02
29.96	4.4444E-02
29.98	4.0058E-02
30.00	3.4211E-02
30.02	2.8363E-02
30.04	1.7544E-02
30.06	-8.1871E-03
30.08	-1.4620E-02
30.10	-2.4561E-02
30.12	-5.2047E-02
30.14	-9.3860E-02
30.16	-1.2281E-01
30.18	-1.5146E-01
30.20	-1.3801E-01
30.22	-1.1520E-01
30.24	-8.4795E-02
30.26	-3.2164E-02
30.28	1.4620E-02
30.30	3.8596E-02
30.32	4.5906E-02
30.34	5.1754E-02
30.36	5.7018E-02
30.38	7.4561E-02
30.40	9.6784E-02
30.42	9.5906E-02
30.44	7.3684E-02
30.46	5.0585E-02
30.48	1.3158E-02
30.50	-2.4854E-02
30.52	-5.5556E-02
30.54	-6.6959E-02
30.56	-8.8889E-02
30.58	-8.0994E-02
30.60	-6.6374E-02
30.62	-5.0877E-02
30.64	-3.5380E-02
30.66	-3.6842E-02
30.68	-3.7719E-02
30.70	-2.3392E-02
30.72	-7.6023E-03
30.74	1.1404E-02
30.76	1.9006E-02
30.78	1.6082E-02
30.80	1.4620E-02
30.82	1.8713E-02
30.84	3.6842E-02
30.86	5.2339E-02
30.88	7.1053E-02
30.90	8.9766E-02
30.92	8.7134E-02
30.94	7.3392E-02
30.96	6.3158E-02
30.98	4.7661E-02
31.00	5.6140E-02
31.02	6.8421E-02
31.04	8.2456E-02
31.06	8.8012E-02
31.08	5.7310E-02
31.10	3.0994E-02
31.12	-1.1404E-02
31.14	-4.7661E-02
31.16	-9.4152E-02
31.18	-9.7953E-02
31.20	-6.4035E-02
31.22	-4.3275E-02
31.24	-2.9240E-03
31.26	3.2164E-03
31.28	-1.5497E-02
31.30	-2.9532E-02
31.32	-3.6842E-02
31.34	-4.1813E-02
31.36	-3.7719E-02
31.38	-3.0409E-02
31.40	-2.0760E-02
31.42	-5.2632E-03
31.44	9.6491E-03
31.46	2.4854E-02
31.48	4.6199E-02
31.50	6.9883E-02
31.52	9.3275E-02
31.54	9.9708E-02
31.56	9.2982E-02
31.58	6.2281E-02
31.60	2.1345E-02
31.62	2.6316E-03
31.64	-4.3860E-03
31.66	-1.3743E-02
31.68	-2.1930E-02
31.70	-3.5380E-02
31.72	-4.5614E-02
31.74	-3.3918E-02
31.76	-1.6374E-02
31.78	-1.7544E-03
31.80	-8.7719E-04
31.82	-8.7719E-04
31.84	4.0936E-03
31.86	1.3450E-02
31.88	2.1053E-02
31.90	2.5146E-02
31.92	2.8655E-02
31.94	3.6257E-02
31.96	4.2982E-02
31.98	5.0292E-02
32.00	5.8480E-02
32.02	7.4854E-02
32.04	9.2690E-02
32.06	8.3918E-02
32.08	6.7544E-02
32.10	3.0702E-02
32.12	-2.9240E-04
32.14	-3.2164E-03
32.16	-1.0526E-02
32.18	-1.5497E-02
32.20	-2.4269E-02
32.22	-1.5205E-02
32.24	-2.0468E-03
32.26	1.0819E-02
32.28	2.8070E-02
32.30	4.5322E-02
32.32	5.9942E-02
32.34	4.1813E-02
32.36	2.1345E-02
32.38	6.1404E-03
32.40	-6.4327E-03
32.42	-2.0468E-02
32.44	-2.9240E-02
32.46	-2.1930E-02
32.48	-1.5789E-02
32.50	-8.4795E-03
32.52	-4.3860E-03
32.54	0.0000E+00
32.56	-2.9240E-04
32.58	-1.7544E-03
32.60	-3.2164E-03
32.62	-2.9240E-03
32.64	-8.7719E-04
32.66	2.9240E-04
32.68	4.6784E-03
32.70	1.5497E-02
32.72	2.5146E-02
32.74	3.6842E-02
32.76	4.5029E-02
32.78	3.8304E-02
32.80	2.9825E-02
32.82	1.6374E-02
32.84	1.7544E-03
32.86	-1.1696E-02
32.88	-2.8655E-02
32.90	-2.8070E-02
32.92	-1.3450E-02
32.94	-2.0468E-03
32.96	9.0643E-03
32.98	1.3158E-02
33.00	1.9883E-02
33.02	1.5205E-02
33.04	1.3158E-02
33.06	5.2632E-03
33.08	-5.8480E-04
33.10	-8.4795E-03
33.12	-8.1871E-03
33.14	-4.9708E-03
33.16	-1.7544E-03
33.18	-1.4620E-03
33.20	-4.9708E-03
33.22	-6.4327E-03
33.24	-1.0526E-02
33.26	-9.3567E-03
33.28	-2.0468E-03
33.30	4.0936E-03
33.32	1.1988E-02
33.34	1.9006E-02
33.36	1.8421E-02
33.38	1.5205E-02
33.40	1.7544E-03
33.42	-1.3158E-02
33.44	-2.2222E-02
33.46	-1.8713E-02
33.48	-1.9006E-02
33.50	-3.1287E-02
33.52	-4.7076E-02
33.54	-5.0877E-02
33.56	-3.4211E-02
33.58	-2.0468E-02
33.60	-1.0526E-02
33.62	-7.3099E-03
33.64	-5.8480E-04
33.66	1.1696E-03
33.68	1.0526E-02
33.70	2.3977E-02
33.72	3.3626E-02
33.74	2.0468E-02
33.76	1.1111E-02
33.78	-2.9240E-03
33.80	-7.3099E-03
33.82	-9.9415E-03
33.84	-1.1988E-02
33.86	-1.3158E-02
33.88	-1.9006E-02
33.90	-3.5088E-02
33.92	-3.4211E-02
33.94	-3.1579E-02
33.96	-2.8655E-02
33.98	-2.3684E-02
34.00	-2.2222E-02
34.02	-3.2164E-02
34.04	-4.0351E-02
34.06	-4.8538E-02
34.08	-4.2105E-02
34.10	-3.8012E-02
34.12	-3.2456E-02
34.14	-3.1579E-02
34.16	-2.8655E-02
34.18	-2.8655E-02
34.20	-1.8421E-02
34.22	-5.8480E-04
34.24	1.5789E-02
34.26	3.2164E-02
34.28	4.4444E-02
34.30	5.7602E-02
34.32	4.9708E-02
34.34	4.0936E-02
34.36	3.0117E-02
34.38	1.8713E-02
34.40	2.9240E-03
34.42	-1.9591E-02
34.44	-3.0702E-02
34.46	-3.5673E-02
34.48	-4.0351E-02
34.50	-4.8538E-02
34.52	-6.2865E-02
34.54	-7.8655E-02
34.56	-8.0117E-02
34.58	-6.3450E-02
34.60	-5.2047E-02
34.62	-3.3918E-02
34.64	-1.7836E-02
34.66	0.0000E+00
34.68	1.5789E-02
34.70	2.8947E-02
34.72	4.2105E-02
34.74	5.4678E-02
34.76	6.7836E-02
34.78	7.6608E-02
34.80	7.4561E-02
34.82	6.6374E-02
34.84	5.0000E-02
34.86	3.7135E-02
34.88	1.5789E-02
34.90	-1.3743E-02
34.92	-4.3567E-02
34.94	-6.1404E-02
34.96	-7.4269E-02
34.98	-7.3684E-02
35.00	-7.1637E-02
35.02	-6.6082E-02
35.04	-5.2339E-02
35.06	-3.9766E-02
35.08	-2.3977E-02
35.10	-4.0936E-03
35.12	1.2865E-02
35.14	2.6023E-02
35.16	2.8363E-02
35.18	2.9240E-02
35.20	2.9240E-02
35.22	3.0409E-02
35.24	3.9766E-02
35.26	3.5380E-02
35.28	2.9240E-02
35.30	2.1053E-02
35.32	5.5556E-03
35.34	-8.1871E-03
35.36	-2.4269E-02
35.38	-3.8304E-02
35.40	-5.5556E-02
35.42	-5.6725E-02
35.44	-4.0643E-02
35.46	-2.9240E-02
35.48	-1.2865E-02
35.50	-1.2865E-02
35.52	-1.1696E-02
35.54	-1.3158E-02
35.56	-1.4327E-02
35.58	-1.1404E-02
35.60	-6.1404E-03
35.62	-6.4327E-03
35.64	-4.6784E-03
35.66	-4.6784E-03
35.68	-3.5088E-03
35.70	-3.5088E-03
35.72	8.1871E-03
35.74	1.9883E-02
35.76	3.3626E-02
35.78	2.8070E-02
35.80	1.6374E-02
35.82	4.9708E-03
35.84	-9.0643E-03
35.86	-2.2807E-02
35.88	-2.6901E-02
35.90	-2.6901E-02
35.92	-2.7778E-02
35.94	-2.6901E-02
35.96	-2.5146E-02
35.98	-1.5205E-02
36.00	-6.4327E-03
36.02	4.0936E-03
36.04	1.1111E-02
36.06	9.9415E-03
36.08	9.9415E-03
36.10	8.4795E-03
36.12	1.1696E-02
36.14	1.5789E-02
36.16	1.9591E-02
36.18	2.4854E-02
36.20	2.5439E-02
36.22	2.2515E-02
36.24	2.0468E-02
36.26	1.7836E-02
36.28	2.1930E-02
36.30	2.5439E-02
36.32	2.9825E-02
36.34	3.2456E-02
36.36	2.6316E-02
36.38	2.1930E-02
36.40	1.5497E-02
36.42	1.8129E-02
36.44	2.3099E-02
36.46	2.8363E-02
36.48	3.4503E-02
36.50	3.9474E-02
36.52	3.0702E-02
36.54	2.2515E-02
36.56	1.2865E-02
36.58	3.5088E-03
36.60	-6.1404E-03
36.62	-1.2281E-02
36.64	-1.9883E-02
36.66	-2.5439E-02
36.68	-3.5088E-02
36.70	-4.6491E-02
36.72	-5.7895E-02
36.74	-6.8129E-02
36.76	-7.5439E-02
36.78	-7.8947E-02
36.80	-8.1287E-02
36.82	-8.3918E-02
36.84	-8.1287E-02
36.86	-7.8947E-02
36.88	-7.5439E-02
36.90	-7.3392E-02
36.92	-6.4035E-02
36.94	-5.0585E-02
36.96	-3.7719E-02
36.98	-3.1871E-02
37.00	-3.0702E-02
37.02	-2.7778E-02
37.04	-2.6608E-02
37.06	-2.1053E-02
37.08	-1.7251E-02
37.10	-1.1696E-02
37.12	-6.7251E-03
37.14	5.2632E-03
37.16	1.0234E-02
37.18	1.2281E-02
37.20	1.4035E-02
37.22	1.2573E-02
37.24	1.2573E-02
37.26	1.1111E-02
37.28	1.0526E-02
37.30	9.3567E-03
37.32	1.3743E-02
37.34	1.8421E-02
37.36	2.4854E-02
37.38	3.2164E-02
37.40	3.9181E-02
37.42	4.6784E-02
37.44	5.2924E-02
37.46	5.0585E-02
37.48	4.9123E-02
37.50	4.6491E-02
37.52	4.2982E-02
37.54	3.1579E-02
37.56	1.9883E-02
37.58	9.3567E-03
37.60	2.6316E-03
37.62	5.5556E-03
37.64	8.1871E-03
37.66	1.1696E-02
37.68	1.5789E-02
37.70	2.0175E-02
37.72	2.7778E-02
37.74	3.4211E-02
37.76	4.1813E-02
37.78	4.1813E-02
37.80	3.6550E-02
37.82	3.5673E-02
37.84	3.6257E-02
37.86	3.6842E-02
37.88	3.8012E-02
37.90	3.8889E-02
37.92	3.0994E-02
37.94	2.3099E-02
37.96	1.3450E-02
37.98	5.8480E-03
38.00	1.4620E-03
38.02	-3.2164E-03
38.04	-7.3099E-03
38.06	-3.2164E-03
38.08	5.2632E-03
38.10	1.2573E-02
38.12	2.2222E-02
38.14	3.0117E-02
38.16	3.8889E-02
38.18	2.9532E-02
38.20	1.8129E-02
38.22	5.2632E-03
38.24	-7.8947E-03
38.26	-2.3392E-02
38.28	-2.6023E-02
38.30	-1.5789E-02
38.32	-8.7719E-03
38.34	1.7544E-03
38.36	3.5088E-03
38.38	6.4327E-03
38.40	7.8947E-03
38.42	9.3567E-03
38.44	1.4035E-02
38.46	2.0175E-02
38.48	2.6023E-02
38.50	3.2749E-02
38.52	3.8889E-02
38.54	4.0936E-02
38.56	4.0058E-02
38.58	4.0936E-02
38.60	3.9474E-02
38.62	4.0643E-02
38.64	2.9825E-02
38.66	8.7719E-03
38.68	-9.3567E-03
38.70	-1.8421E-02
38.72	-2.4854E-02
38.74	-3.2749E-02
38.76	-4.5906E-02
38.78	-5.7602E-02
38.80	-5.4971E-02
38.82	-5.3216E-02
38.84	-4.9708E-02
38.86	-4.5614E-02
38.88	-4.1520E-02
38.90	-3.7719E-02
38.92	-3.6550E-02
38.94	-3.5088E-02
38.96	-3.3918E-02
38.98	-3.3333E-02
39.00	-3.0994E-02
39.02	-1.8713E-02
39.04	-6.1404E-03
39.06	5.8480E-04
39.08	-1.1696E-03
39.10	-1.1696E-03
39.12	-4.0936E-03
39.14	-5.5556E-03
39.16	-2.3392E-03
39.18	3.2164E-03
39.20	7.8947E-03
39.22	1.4620E-02
39.24	1.5497E-02
39.26	1.2281E-02
39.28	8.7719E-03
39.30	3.2164E-03
39.32	-1.4620E-03
39.34	-7.0175E-03
39.36	-5.8480E-03
39.38	-2.0468E-03
39.40	1.1696E-03
39.42	5.5556E-03
39.44	9.6491E-03
39.46	1.4035E-02
39.48	1.6667E-02
39.50	1.9006E-02
39.52	2.1637E-02
39.54	2.3684E-02
39.56	2.6608E-02
39.58	3.7135E-02
39.60	4.9415E-02
39.62	4.2105E-02
39.64	3.0702E-02
39.66	2.0468E-02
39.68	1.0234E-02
39.70	5.8480E-04
39.72	-9.3567E-03
39.74	-1.8713E-02
39.76	-2.7778E-02
39.78	-2.6608E-02
39.80	-2.4269E-02
39.82	-2.1345E-02
39.84	-1.4912E-02
39.86	-8.7719E-03
39.88	-1.1696E-03
39.90	9.6491E-03
39.92	1.5205E-02
39.94	1.2865E-02
39.96	1.1696E-02
39.98	8.7719E-03
40.00	5.8480E-03
40.02	2.9240E-03
40.04	2.9240E-04
40.06	-2.9240E-03
40.08	-4.0936E-03
40.10	5.8480E-04
40.12	4.6784E-03
40.14	8.7719E-03
40.16	6.7251E-03
40.18	4.6784E-03
40.20	4.6784E-03
40.22	7.6023E-03
40.24	9.3567E-03
40.26	1.3158E-02
40.28	1.3450E-02
40.30	6.1404E-03
40.32	-8.7719E-04
40.34	-8.7719E-03
40.36	-1.7544E-02
40.38	-2.5439E-02
40.40	-3.3918E-02
40.42	-3.1287E-02
40.44	-2.7485E-02
40.46	-2.2807E-02
40.48	-1.9883E-02
40.50	-1.8421E-02
40.52	-1.6667E-02
40.54	-1.4620E-02
40.56	-1.1988E-02
40.58	-9.6491E-03
40.60	-7.0175E-03
40.62	-4.0936E-03
40.64	-1.4620E-03
40.66	1.1696E-03
40.68	3.8012E-03
40.70	6.1404E-03
40.72	2.9240E-04
40.74	-5.2632E-03
40.76	-1.1696E-02
40.78	-1.8713E-02
40.80	-2.5439E-02
40.82	-3.2164E-02
40.84	-3.7719E-02
40.86	-4.4152E-02
40.88	-4.8246E-02
40.90	-5.0877E-02
40.92	-5.3801E-02
40.94	-5.6725E-02
40.96	-5.9064E-02
40.98	-6.2281E-02
41.00	-5.7895E-02
41.02	-5.0585E-02
41.04	-3.9474E-02
41.06	-1.9006E-02
41.08	-4.0936E-03
41.10	5.8480E-03
41.12	1.6082E-02
41.14	2.3977E-02
41.16	2.6023E-02
41.18	2.9825E-02
41.20	2.7193E-02
41.22	2.3392E-02
41.24	1.7836E-02
41.26	9.6491E-03
41.28	8.7719E-04
41.30	-7.0175E-03
41.32	-1.6667E-02
41.34	-1.3158E-02
41.36	-3.8012E-03
41.38	3.8012E-03
41.40	9.6491E-03
41.42	1.4035E-02
41.44	1.5789E-02
41.46	1.6959E-02
41.48	1.8129E-02
41.50	1.9006E-02
41.52	2.0175E-02
41.54	2.1053E-02
41.56	2.1930E-02
41.58	2.2515E-02
41.60	2.1345E-02
41.62	2.0175E-02
41.64	1.8713E-02
41.66	1.6959E-02
41.68	1.5789E-02
41.70	1.4035E-02
41.72	1.7836E-02
41.74	2.3099E-02
41.76	2.8070E-02
41.78	3.3333E-02
41.80	3.6842E-02
41.82	4.0643E-02
41.84	3.8304E-02
41.86	3.5965E-02
41.88	3.3333E-02
41.90	3.0117E-02
41.92	2.5439E-02
41.94	2.1053E-02
41.96	1.6374E-02
41.98	1.1696E-02
42.00	7.0175E-03
42.02	2.0468E-03
42.04	1.1696E-03
42.06	2.3392E-03
42.08	2.6316E-03
42.10	6.7251E-03
42.12	1.2281E-02
42.14	1.5205E-02
42.16	1.7836E-02
42.18	2.1053E-02
42.20	2.3099E-02
42.22	2.6023E-02
42.24	2.7778E-02
42.26	2.7778E-02
42.28	2.7193E-02
42.30	2.6023E-02
42.32	7.3099E-03
42.34	0.0000E+00
42.36	-1.4620E-03
42.38	-5.8480E-03
42.40	-7.0175E-03
42.42	-9.6491E-03
42.44	-1.4035E-02
42.46	-1.8713E-02
42.48	-2.3392E-02
42.50	-2.8363E-02
42.52	-3.3333E-02
42.54	-3.7427E-02
42.56	-3.0994E-02
42.58	-2.6023E-02
42.60	-1.9298E-02
42.62	-1.2573E-02
42.64	-5.5556E-03
42.66	-3.2164E-03
42.68	-2.6316E-03
42.70	-1.4620E-03
42.72	-1.1696E-03
42.74	1.4620E-03
42.76	4.0936E-03
42.78	7.0175E-03
42.80	1.0234E-02
42.82	1.2573E-02
42.84	1.2865E-02
42.86	1.1404E-02
42.88	3.8012E-03
42.90	-2.3392E-03
42.92	-1.0526E-02
42.94	-1.3743E-02
42.96	-1.6082E-02
42.98	-1.8129E-02
43.00	-1.9883E-02
43.02	-2.1345E-02
43.04	-2.3392E-02
43.06	-2.1930E-02
43.08	-1.8713E-02
43.10	-8.1871E-03
43.12	1.4620E-03
43.14	1.3450E-02
43.16	1.9006E-02
43.18	1.7544E-02
43.20	1.7544E-02
43.22	1.5789E-02
43.24	1.4327E-02
43.26	1.2865E-02
43.28	1.1404E-02
43.30	8.4795E-03
43.32	0.0000E+00
43.34	-7.6023E-03
43.36	-1.5205E-02
43.38	-1.2281E-02
43.40	-1.0819E-02
43.42	-7.3099E-03
43.44	-4.3860E-03
43.46	-5.8480E-04
43.48	5.8480E-04
43.50	0.0000E+00
43.52	-2.9240E-04
43.54	-1.1696E-03
43.56	-2.0468E-03
43.58	-1.7544E-03
43.60	-2.9240E-04
43.62	8.7719E-04
43.64	2.0468E-03
43.66	-2.9240E-04
43.68	-2.0468E-03
43.70	-4.3860E-03
43.72	-7.0175E-03
43.74	-8.4795E-03
43.76	-8.1871E-03
43.78	-8.1871E-03
43.80	-7.3099E-03
43.82	-7.0175E-03
43.84	-6.1404E-03
43.86	-7.8947E-03
43.88	-1.2865E-02
43.90	-1.6959E-02
43.92	-2.2222E-02
43.94	-2.4561E-02
43.96	-2.3977E-02
43.98	-2.4269E-02
44.00	-2.1930E-02
44.02	-1.4620E-02
44.04	-8.1871E-03
44.06	-5.8480E-04
44.08	5.2632E-03
44.10	5.2632E-03
44.12	6.1404E-03
44.14	6.1404E-03
44.16	6.1404E-03
44.18	9.0643E-03
44.20	1.2573E-02
44.22	1.4327E-02
44.24	1.4327E-02
44.26	1.4327E-02
44.28	1.4035E-02
44.30	1.3743E-02
44.32	1.5205E-02
44.34	1.9591E-02
44.36	2.3099E-02
44.38	2.7778E-02
44.40	2.8363E-02
44.42	2.8070E-02
44.44	2.8070E-02
44.46	2.7193E-02
44.48	2.6608E-02
44.50	2.6023E-02
44.52	2.5439E-02
44.54	2.4561E-02
44.56	2.3977E-02
44.58	2.3392E-02
44.60	2.2515E-02
44.62	1.8129E-02
44.64	1.3743E-02
44.66	1.0234E-02
44.68	1.0526E-02
44.70	9.9415E-03
44.72	1.0234E-02
44.74	1.0526E-02
44.76	9.3567E-03
44.78	5.5556E-03
44.80	4.3860E-03
44.82	4.0936E-03
44.84	3.5088E-03
44.86	3.5088E-03
44.88	3.2164E-03
44.90	0.0000E+00
44.92	-2.9240E-03
44.94	-5.8480E-03
44.96	-7.3099E-03
44.98	-8.4795E-03
45.00	-9.6491E-03
45.02	-1.0819E-02
45.04	-1.4035E-02
45.06	-1.8421E-02
45.08	-2.2515E-02
45.10	-2.6901E-02
45.12	-3.1287E-02
45.14	-3.5673E-02
45.16	-4.0351E-02
45.18	-4.1813E-02
45.20	-3.5088E-02
45.22	-3.0117E-02
45.24	-2.2807E-02
45.26	-1.9591E-02
45.28	-1.8421E-02
45.30	-1.6959E-02
45.32	-1.6374E-02
45.34	-1.5497E-02
45.36	-1.4620E-02
45.38	-1.4035E-02
45.40	-1.3158E-02
45.42	-1.2281E-02
45.44	-1.1404E-02
45.46	-9.0643E-03
45.48	-7.6023E-03
45.50	-3.2164E-03
45.52	2.9240E-03
45.54	9.0643E-03
45.56	1.3450E-02
45.58	1.4035E-02
45.60	1.5789E-02
45.62	1.6082E-02
45.64	1.8421E-02
45.66	2.4561E-02
45.68	2.9532E-02
45.70	2.4561E-02
45.72	2.0760E-02
45.74	1.5497E-02
45.76	9.6491E-03
45.78	8.1871E-03
45.80	8.4795E-03
45.82	8.1871E-03
45.84	7.8947E-03
45.86	3.5088E-03
45.88	-2.9240E-04
45.90	-2.9240E-03
45.92	-3.2164E-03
45.94	-4.6784E-03
45.96	-4.3860E-03
45.98	-9.0643E-03
46.00	-1.9883E-02
46.02	-2.8947E-02
46.04	-2.9825E-02
46.06	-3.0702E-02
46.08	-3.0994E-02
46.10	-2.8947E-02
46.12	-2.6023E-02
46.14	-2.3099E-02
46.16	-2.1637E-02
46.18	-2.1053E-02
46.20	-1.9883E-02
46.22	-1.9591E-02
46.24	-1.8421E-02
46.26	-1.1696E-02
46.28	-3.8012E-03
46.30	3.8012E-03
46.32	1.2573E-02
46.34	2.0760E-02
46.36	2.8947E-02
46.38	2.5146E-02
46.40	1.8421E-02
46.42	1.1988E-02
46.44	3.8012E-03
46.46	-4.0936E-03
46.48	-1.0234E-02
46.50	-1.0819E-02
46.52	-1.2865E-02
46.54	-1.3450E-02
46.56	-1.4327E-02
46.58	-1.4912E-02
46.60	-1.5789E-02
46.62	-1.6374E-02
46.64	-1.6959E-02
46.66	-1.3450E-02
46.68	-8.4795E-03
46.70	-3.8012E-03
46.72	2.0468E-03
46.74	4.9708E-03
46.76	5.5556E-03
46.78	7.3099E-03
46.80	7.3099E-03
46.82	1.0234E-02
46.84	1.4620E-02
46.86	1.8713E-02
46.88	2.3392E-02
46.90	2.7485E-02
46.92	2.8363E-02
46.94	2.9825E-02
46.96	3.0702E-02
46.98	3.1579E-02
47.00	3.2164E-02
47.02	3.0409E-02
47.04	2.8947E-02
47.06	2.7193E-02
47.08	2.5146E-02
47.10	2.3099E-02
47.12	2.1053E-02
47.14	1.8421E-02
47.16	1.6082E-02
47.18	1.3450E-02
47.20	1.1111E-02
47.22	9.0643E-03
47.24	7.8947E-03
47.26	6.1404E-03
47.28	4.9708E-03
47.30	3.5088E-03
47.32	2.0468E-03
47.34	8.7719E-04
47.36	2.3392E-03
47.38	3.8012E-03
47.40	5.5556E-03
47.42	6.4327E-03
47.44	2.6316E-03
47.46	-8.7719E-04
47.48	-4.9708E-03
47.50	-9.0643E-03
47.52	-1.3743E-02
47.54	-1.5497E-02
47.56	-1.4035E-02
47.58	-1.2573E-02
47.60	-1.1111E-02
47.62	-7.3099E-03
47.64	-2.6316E-03
47.66	2.0468E-03
47.68	4.9708E-03
47.70	6.4327E-03
47.72	1.0234E-02
47.74	1.7836E-02
47.76	2.4269E-02
47.78	3.2749E-02
47.80	3.1287E-02
47.82	2.5439E-02
47.84	2.0760E-02
47.86	1.3743E-02
47.88	7.8947E-03
47.90	1.1696E-03
47.92	-4.6784E-03
47.94	-7.0175E-03
47.96	-9.6491E-03
47.98	-1.3450E-02
48.00	-2.0175E-02
48.02	-2.4561E-02
48.04	-2.5731E-02
48.06	-2.7193E-02
48.08	-2.7778E-02
48.10	-2.8363E-02
48.12	-2.8947E-02
48.14	-2.9532E-02
48.16	-2.9825E-02
48.18	-2.8655E-02
48.20	-2.7778E-02
48.22	-2.6316E-02
48.24	-2.5439E-02
48.26	-2.6023E-02
48.28	-2.6608E-02
48.30	-2.7193E-02
48.32	-2.8070E-02
48.34	-2.8363E-02
48.36	-2.5731E-02
48.38	-2.3684E-02
48.40	-2.0760E-02
48.42	-1.9883E-02
48.44	-1.9883E-02
48.46	-1.9591E-02
48.48	-1.9591E-02
48.50	-1.9298E-02
48.52	-1.9298E-02
48.54	-1.8713E-02
48.56	-1.6374E-02
48.58	-1.4620E-02
48.60	-1.2573E-02
48.62	-9.9415E-03
48.64	-6.7251E-03
48.66	-3.8012E-03
48.68	-5.8480E-04
48.70	2.9240E-03
48.72	4.9708E-03
48.74	2.6316E-03
48.76	8.7719E-04
48.78	-1.4620E-03
48.80	-4.0936E-03
48.82	-2.0468E-03
48.84	1.7544E-03
48.86	4.6784E-03
48.88	3.8012E-03
48.90	3.5088E-03
48.92	2.3392E-03
48.94	1.4620E-03
48.96	0.0000E+00
48.98	5.8480E-04
49.00	2.6316E-03
49.02	4.0936E-03
49.04	6.1404E-03
49.06	6.4327E-03
49.08	2.9240E-03
49.10	0.0000E+00
49.12	-3.5088E-03
49.14	-7.0175E-03
49.16	-7.0175E-03
49.18	-5.5556E-03
49.20	-4.6784E-03
49.22	-5.2632E-03
49.24	-6.4327E-03
49.26	-7.8947E-03
49.28	-8.7719E-03
49.30	-7.6023E-03
49.32	-6.4327E-03
49.34	-6.4327E-03
49.36	-9.3567E-03
49.38	-1.1988E-02
49.40	-1.4912E-02
49.42	-1.3450E-02
49.44	-1.2573E-02
49.46	-1.1111E-02
49.48	-9.3567E-03
49.50	-7.6023E-03
49.52	-5.8480E-03
49.54	-5.5556E-03
49.56	-5.2632E-03
49.58	-4.3860E-03
49.60	3.8012E-03
49.62	1.1988E-02
49.64	1.9591E-02
49.66	2.0468E-02
49.68	2.2222E-02
49.70	2.2807E-02
49.72	2.3392E-02
49.74	2.3684E-02
49.76	2.4561E-02
49.78	2.2807E-02
49.80	1.7836E-02
49.82	1.4035E-02
49.84	9.0643E-03
49.86	8.4795E-03
49.88	8.7719E-03
49.90	9.3567E-03
49.92	1.0234E-02
49.94	1.0819E-02
49.96	7.0175E-03
49.98	2.0468E-03
50.00	-2.3392E-03
50.02	-8.1871E-03
50.04	-1.0234E-02
50.06	-6.4327E-03
50.08	-3.8012E-03
50.10	2.9240E-04
50.12	8.7719E-04
50.14	2.9240E-04
50.16	-2.9240E-04
50.18	-1.4620E-03
50.20	-2.3392E-03
50.22	-3.2164E-03
50.24	-4.3860E-03
50.26	-3.5088E-03
50.28	-2.3392E-03
50.30	-1.1696E-03
50.32	2.9240E-04
50.34	1.4620E-03
50.36	2.3392E-03
50.38	2.3392E-03
50.40	2.6316E-03
50.42	2.9240E-03
50.44	6.4327E-03
50.46	9.6491E-03
50.48	1.3450E-02
50.50	1.7251E-02
50.52	2.1053E-02
50.54	2.3099E-02
50.56	1.8129E-02
50.58	1.4620E-02
50.60	9.3567E-03
50.62	4.6784E-03
50.64	-1.1696E-03
50.66	0.0000E+00
50.68	8.7719E-03
50.70	1.5205E-02
50.72	2.5439E-02
50.74	2.3977E-02
50.76	9.0643E-03
50.78	-5.8480E-04
50.80	-1.8129E-02
50.82	-8.1871E-03
50.84	1.6959E-02
50.86	3.8012E-02
50.88	6.4620E-02
50.90	5.4094E-02
50.92	2.7485E-02
50.94	2.6608E-02
50.96	2.2515E-02
50.98	2.6316E-02
51.00	4.6784E-03
51.02	-2.4561E-02
51.04	-5.8480E-02
51.06	-4.3275E-02
51.08	-2.0468E-03
51.10	3.1287E-02
51.12	2.8947E-02
51.14	1.4035E-02
51.16	8.7719E-04
51.18	-2.0175E-02
51.20	-3.1287E-02
51.22	-4.3860E-03
51.24	2.0175E-02
51.26	4.0351E-02
51.28	1.9591E-02
51.30	5.8480E-03
51.32	1.0234E-02
51.34	2.6316E-02
51.36	2.5146E-02
51.38	1.5205E-02
51.40	7.0175E-03
51.42	4.6784E-03
51.44	3.8012E-03
51.46	-3.2164E-03
51.48	-9.9415E-03
51.50	-1.9591E-02
51.52	-1.5789E-02
51.54	-5.8480E-03
51.56	4.0936E-03
51.58	1.4035E-02
51.60	2.8363E-02
51.62	1.6959E-02
51.64	-1.4035E-02
51.66	-3.4795E-02
51.68	-2.7778E-02
51.70	-1.7544E-02
51.72	-7.0175E-03
51.74	9.3567E-03
51.76	1.1111E-02
51.78	4.0936E-03
51.80	-2.9240E-04
51.82	-2.0468E-03
51.84	1.7544E-03
51.86	2.9240E-03
51.88	7.0175E-03
51.90	3.8012E-03
51.92	1.1696E-03
51.94	-2.3392E-03
51.96	-7.8947E-03
51.98	-1.6082E-02
52.00	-2.4561E-02
52.02	-2.7193E-02
52.04	-1.7836E-02
52.06	-1.0526E-02
52.08	-5.8480E-04
52.10	9.6491E-03
52.12	1.0819E-02
52.14	-4.0936E-03
52.16	-1.3158E-02
52.18	-3.0117E-02
52.20	-2.2515E-02
52.22	-6.7251E-03
52.24	9.0643E-03
52.26	1.1988E-02
52.28	7.6023E-03
52.30	3.8012E-03
52.32	4.3860E-03
52.34	1.7836E-02
52.36	2.1345E-02
52.38	2.1637E-02
52.40	2.2222E-02
52.42	2.1345E-02
52.44	2.0760E-02
52.46	1.6667E-02
52.48	1.1111E-02
52.50	6.1404E-03
52.52	-5.8480E-04
52.54	-9.6491E-03
52.56	-1.8713E-02
52.58	-1.9883E-02
52.60	-1.4912E-02
52.62	-1.5789E-02
52.64	-1.5789E-02
52.66	-1.6667E-02
52.68	-9.6491E-03
52.70	0.0000E+00
52.72	9.6491E-03
52.74	2.0468E-02
52.76	2.8070E-02
52.78	2.4854E-02
52.80	2.3392E-02
52.82	1.9883E-02
52.84	2.1930E-02
52.86	2.2515E-02
52.88	2.4854E-02
52.90	1.7836E-02
52.92	1.0819E-02
52.94	2.0468E-03
52.96	-2.9240E-04
52.98	1.1696E-03
53.00	1.4620E-03
53.02	-2.9240E-03
53.04	-8.4795E-03
53.06	-1.3450E-02
53.08	-2.0175E-02
53.10	-1.9006E-02
53.12	-1.2865E-02
53.14	-8.1871E-03
53.16	-2.0468E-03
53.18	-6.7251E-03
53.20	-9.6491E-03
53.22	-1.4912E-02
53.24	-1.7544E-02
53.26	-1.6374E-02
53.28	-1.5789E-02
53.30	-1.4620E-02
53.32	-1.9298E-02
53.34	-2.6608E-02
53.36	-3.3333E-02
53.38	-4.0936E-02
53.40	-4.0351E-02
53.42	-4.0936E-02
53.44	-3.5380E-02
53.46	-2.8070E-02
53.48	-2.1637E-02
53.50	-1.3450E-02
53.52	-9.9415E-03
53.54	-1.2281E-02
53.56	-1.3158E-02
53.58	-1.6082E-02
53.60	-1.8421E-02
53.62	-2.1053E-02
53.64	-2.3392E-02
53.66	-2.1345E-02
53.68	-1.5205E-02
53.70	-1.0819E-02
53.72	-7.6023E-03
53.74	-4.0936E-03
53.76	0.0000E+00